   unit1 unit2 unit3  Mean_acc
1    256   128    64 0.8400000
2    128   128    64 0.8484375
3     64   128    64 0.8471875
4    256    64    64 0.8437500
5    128    64    64 0.8434375
6     64    64    64 0.8400000
7    256    32    64 0.8440625
8    128    32    64 0.8425000
9     64    32    64 0.8475000
10   256   128    32 0.8453125
11   128   128    32 0.8478125
12    64   128    32 0.8503125
13   256    64    32 0.8353125
14   128    64    32 0.8462500
15    64    64    32 0.8434375
16   256    32    32 0.8384375
17   128    32    32 0.8406250
18    64    32    32 0.8456250
19   256   128    16 0.8440625
20   128   128    16 0.8462500
21    64   128    16 0.8368750
22   256    64    16 0.8478125
23   128    64    16 0.8462500
24    64    64    16 0.8440625
25   256    32    16 0.8468750
26   128    32    16 0.8406250
27    64    32    16 0.8478125

