   l1_coeff l2_coeff optimizer    lr beta_1 beta_2  Mean_acc
1     1e-02    1e-02     nadam 5e-04    0.9  0.995 0.5746875
2     1e-03    1e-02     nadam 5e-04    0.9  0.995 0.8396875
3     1e-04    1e-02     nadam 5e-04    0.9  0.995 0.8403125
4     1e-05    1e-02     nadam 5e-04    0.9  0.995 0.8412500
5     1e-06    1e-02     nadam 5e-04    0.9  0.995 0.8465625
6     0e+00    1e-02     nadam 5e-04    0.9  0.995 0.8450000
7     1e-02    1e-03     nadam 5e-04    0.9  0.995 0.5759375
8     1e-03    1e-03     nadam 5e-04    0.9  0.995 0.8421875
9     1e-04    1e-03     nadam 5e-04    0.9  0.995 0.8465625
10    1e-05    1e-03     nadam 5e-04    0.9  0.995 0.8368750
11    1e-06    1e-03     nadam 5e-04    0.9  0.995 0.8459375
12    0e+00    1e-03     nadam 5e-04    0.9  0.995 0.8421875
13    1e-02    1e-04     nadam 5e-04    0.9  0.995 0.7359375
14    1e-03    1e-04     nadam 5e-04    0.9  0.995 0.8446875
15    1e-04    1e-04     nadam 5e-04    0.9  0.995 0.8525000
16    1e-05    1e-04     nadam 5e-04    0.9  0.995 0.8396875
17    1e-06    1e-04     nadam 5e-04    0.9  0.995 0.8456250
18    0e+00    1e-04     nadam 5e-04    0.9  0.995 0.8478125
19    1e-02    1e-05     nadam 5e-04    0.9  0.995 0.8121875
20    1e-03    1e-05     nadam 5e-04    0.9  0.995 0.8440625
21    1e-04    1e-05     nadam 5e-04    0.9  0.995 0.8462500
22    1e-05    1e-05     nadam 5e-04    0.9  0.995 0.8493750
23    1e-06    1e-05     nadam 5e-04    0.9  0.995 0.8468750
24    0e+00    1e-05     nadam 5e-04    0.9  0.995 0.8393750
25    1e-02    1e-06     nadam 5e-04    0.9  0.995 0.7321875
26    1e-03    1e-06     nadam 5e-04    0.9  0.995 0.8425000
27    1e-04    1e-06     nadam 5e-04    0.9  0.995 0.8384375
28    1e-05    1e-06     nadam 5e-04    0.9  0.995 0.8446875
29    1e-06    1e-06     nadam 5e-04    0.9  0.995 0.8396875
30    0e+00    1e-06     nadam 5e-04    0.9  0.995 0.8406250
31    1e-02    0e+00     nadam 5e-04    0.9  0.995 0.7284375
32    1e-03    0e+00     nadam 5e-04    0.9  0.995 0.8434375
33    1e-04    0e+00     nadam 5e-04    0.9  0.995 0.8400000
34    1e-05    0e+00     nadam 5e-04    0.9  0.995 0.8453125
35    1e-06    0e+00     nadam 5e-04    0.9  0.995 0.8459375
36    0e+00    0e+00     nadam 5e-04    0.9  0.995 0.8462500

