   l1_coeff l2_coeff optimizer    lr momentum  Mean_acc
1     1e-02    1e-02       sgd 5e-04      0.9 0.6906250
2     1e-03    1e-02       sgd 5e-04      0.9 0.8209375
3     1e-04    1e-02       sgd 5e-04      0.9 0.8278125
4     1e-05    1e-02       sgd 5e-04      0.9 0.8237500
5     1e-06    1e-02       sgd 5e-04      0.9 0.8256250
6     0e+00    1e-02       sgd 5e-04      0.9 0.8190625
7     1e-02    1e-03       sgd 5e-04      0.9 0.7940625
8     1e-03    1e-03       sgd 5e-04      0.9 0.8281250
9     1e-04    1e-03       sgd 5e-04      0.9 0.8228125
10    1e-05    1e-03       sgd 5e-04      0.9 0.8268750
11    1e-06    1e-03       sgd 5e-04      0.9 0.8206250
12    0e+00    1e-03       sgd 5e-04      0.9 0.8228125
13    1e-02    1e-04       sgd 5e-04      0.9 0.7903125
14    1e-03    1e-04       sgd 5e-04      0.9 0.8225000
15    1e-04    1e-04       sgd 5e-04      0.9 0.8231250
16    1e-05    1e-04       sgd 5e-04      0.9 0.8237500
17    1e-06    1e-04       sgd 5e-04      0.9 0.8275000
18    0e+00    1e-04       sgd 5e-04      0.9 0.8265625
19    1e-02    1e-05       sgd 5e-04      0.9 0.7909375
20    1e-03    1e-05       sgd 5e-04      0.9 0.8221875
21    1e-04    1e-05       sgd 5e-04      0.9 0.8225000
22    1e-05    1e-05       sgd 5e-04      0.9 0.8268750
23    1e-06    1e-05       sgd 5e-04      0.9 0.8184375
24    0e+00    1e-05       sgd 5e-04      0.9 0.8259375
25    1e-02    1e-06       sgd 5e-04      0.9 0.7946875
26    1e-03    1e-06       sgd 5e-04      0.9 0.8256250
27    1e-04    1e-06       sgd 5e-04      0.9 0.8256250
28    1e-05    1e-06       sgd 5e-04      0.9 0.8300000
29    1e-06    1e-06       sgd 5e-04      0.9 0.8215625
30    0e+00    1e-06       sgd 5e-04      0.9 0.8228125
31    1e-02    0e+00       sgd 5e-04      0.9 0.7806250
32    1e-03    0e+00       sgd 5e-04      0.9 0.8234375
33    1e-04    0e+00       sgd 5e-04      0.9 0.8275000
34    1e-05    0e+00       sgd 5e-04      0.9 0.8234375
35    1e-06    0e+00       sgd 5e-04      0.9 0.8275000
36    0e+00    0e+00       sgd 5e-04      0.9 0.8321875
