   l1_coeff l2_coeff optimizer    lr beta_1 beta_2  Mean_acc
1     1e-02    1e-02      adam 0.001   0.93  0.995 0.5000000
2     1e-03    1e-02      adam 0.001   0.93  0.995 0.8381250
3     1e-04    1e-02      adam 0.001   0.93  0.995 0.8450000
4     1e-05    1e-02      adam 0.001   0.93  0.995 0.8512500
5     1e-06    1e-02      adam 0.001   0.93  0.995 0.8490625
6     0e+00    1e-02      adam 0.001   0.93  0.995 0.8431250
7     1e-02    1e-03      adam 0.001   0.93  0.995 0.6518750
8     1e-03    1e-03      adam 0.001   0.93  0.995 0.8453125
9     1e-04    1e-03      adam 0.001   0.93  0.995 0.8428125
10    1e-05    1e-03      adam 0.001   0.93  0.995 0.8434375
11    1e-06    1e-03      adam 0.001   0.93  0.995 0.8409375
12    0e+00    1e-03      adam 0.001   0.93  0.995 0.8468750
13    1e-02    1e-04      adam 0.001   0.93  0.995 0.5712500
14    1e-03    1e-04      adam 0.001   0.93  0.995 0.8478125
15    1e-04    1e-04      adam 0.001   0.93  0.995 0.8412500
16    1e-05    1e-04      adam 0.001   0.93  0.995 0.8396875
17    1e-06    1e-04      adam 0.001   0.93  0.995 0.8450000
18    0e+00    1e-04      adam 0.001   0.93  0.995 0.8396875
19    1e-02    1e-05      adam 0.001   0.93  0.995 0.7306250
20    1e-03    1e-05      adam 0.001   0.93  0.995 0.8450000
21    1e-04    1e-05      adam 0.001   0.93  0.995 0.8431250
22    1e-05    1e-05      adam 0.001   0.93  0.995 0.8378125
23    1e-06    1e-05      adam 0.001   0.93  0.995 0.8443750
24    0e+00    1e-05      adam 0.001   0.93  0.995 0.8440625
25    1e-02    1e-06      adam 0.001   0.93  0.995 0.7290625
26    1e-03    1e-06      adam 0.001   0.93  0.995 0.8481250
27    1e-04    1e-06      adam 0.001   0.93  0.995 0.8462500
28    1e-05    1e-06      adam 0.001   0.93  0.995 0.8418750
29    1e-06    1e-06      adam 0.001   0.93  0.995 0.8312500
30    0e+00    1e-06      adam 0.001   0.93  0.995 0.8446875
31    1e-02    0e+00      adam 0.001   0.93  0.995 0.6468750
32    1e-03    0e+00      adam 0.001   0.93  0.995 0.8446875
33    1e-04    0e+00      adam 0.001   0.93  0.995 0.8393750
34    1e-05    0e+00      adam 0.001   0.93  0.995 0.8412500
35    1e-06    0e+00      adam 0.001   0.93  0.995 0.8418750
36    0e+00    0e+00      adam 0.001   0.93  0.995 0.8415625

