  optimizer    lr  rho  Mean_acc
1    rmsprop 0.020 0.99 0.6125000
2    rmsprop 0.010 0.99 0.8325000
3    rmsprop 0.005 0.99 0.8450000
4    rmsprop 0.001 0.99 0.8384375
5    rmsprop 0.020 0.95 0.8043750
6    rmsprop 0.010 0.95 0.8365625
7    rmsprop 0.005 0.95 0.8459375
8    rmsprop 0.001 0.95 0.8375000
9    rmsprop 0.020 0.90 0.8025000
10   rmsprop 0.010 0.90 0.8334375
11   rmsprop 0.005 0.90 0.8428125
12   rmsprop 0.001 0.90 0.8371875
13   rmsprop 0.020 0.85 0.8156250
14   rmsprop 0.010 0.85 0.8346875
15   rmsprop 0.005 0.85 0.8350000
16   rmsprop 0.001 0.85 0.8362500


