   dropout1 dropout2 dropout3  Mean_acc
1       0.1      0.1      0.1 0.8437500
2       0.2      0.1      0.1 0.8462500
3       0.3      0.1      0.1 0.8437500
4       0.1      0.2      0.1 0.8431250
5       0.2      0.2      0.1 0.8406250
6       0.3      0.2      0.1 0.8453125
7       0.1      0.3      0.1 0.8481250
8       0.2      0.3      0.1 0.8450000
9       0.3      0.3      0.1 0.8512500
10      0.1      0.1      0.2 0.8450000
11      0.2      0.1      0.2 0.8453125
12      0.3      0.1      0.2 0.8384375
13      0.1      0.2      0.2 0.8381250
14      0.2      0.2      0.2 0.8437500
15      0.3      0.2      0.2 0.8440625
16      0.1      0.3      0.2 0.8478125
17      0.2      0.3      0.2 0.8446875
18      0.3      0.3      0.2 0.8459375
19      0.1      0.1      0.3 0.8406250
20      0.2      0.1      0.3 0.8503125
21      0.3      0.1      0.3 0.8409375
22      0.1      0.2      0.3 0.8350000
23      0.2      0.2      0.3 0.8468750
24      0.3      0.2      0.3 0.8381250
25      0.1      0.3      0.3 0.8437500
26      0.2      0.3      0.3 0.8465625
27      0.3      0.3      0.3 0.8465625
